1,060000050200600008948072003800040000000050096310960000681000000500810400070300080,163489257257631948948572163896247315724153896315968724681794532532816479479325681
2,060000100000026000040001020200060840000200009900700502000039780000650000093107256,362894175517326498849571623251963847784215369936748512625439781178652934493187256
3,000000000080405060094260087600008000900040020800030000409652800000000000206803974,162387495783495261594261387645128739937546128821739546479652813318974652256813974
4,109083000470109203000000000000001690002830750001690800500000040020000510000500028,169283475475169283283475169834751692692834751751692834516928347928347516347516928
5,004018037730005010010000095009100300400000006080070050005003000040521000308009020,594218637736495218812637495259186374473952186681374952125863749947521863368749521
6,340650702078300006005007090001570008024000075000002000702008000000005800403009000,349651782278394156615287493931576248824913675567842319752438961196725834483169527
7,150000280700002100209030064006700000008250006000060070000015000007028501000370800,153647289764892153289531764316784925478259316925163478842915637637428591591376842
8,010003800600400000730600100394800000100300570000060040003207000900530000008016035,419753826682491357735628194394875261126349578857162943543287619961534782278916435
9,500030010408000200600800700009007000000008060763142008076020080180000000304001009,597236814418795236632814795859367142241958367763142958976423581185679423324581679
10,700100000406978000020600790200050001000080206000026040038200050000090083900000024,789132465456978312321645798263459871594781236817326549138264957642597183975813624
